EDITNNC
-- IX IJ IZ JX JY JZ TRANM

28 61 20 28 62 17 0.999948 /
28 61 20 28 62 18 0.999632 /
28 61 20 28 62 19 0.999529 /
28 65 1 28 66 5 0.29052 /
28 65 1 28 66 6 0.323972 /
28 65 1 28 66 7 0.33865 /
28 65 2 28 66 6 0.999094 /
28 65 2 28 66 7 0.999835 /
28 65 2 28 66 8 1 /
28 65 3 28 66 7 1 /
28 65 3 28 66 8 1 /
28 65 3 28 66 9 1 /
28 65 4 28 66 8 0.811425 /
28 65 4 28 66 9 0.903063 /
28 65 4 28 66 10 0.910531 /
28 65 5 28 66 9 0.890744 /
28 65 5 28 66 10 0.883925 /
28 65 5 28 66 11 0.947713 /
28 65 6 28 66 10 0.882444 /
28 65 6 28 66 11 0.942379 /
28 65 6 28 66 12 0.969558 /
28 65 7 28 66 11 0.936714 /
28 65 7 28 66 12 0.96477 /
28 65 7 28 66 13 0.947312 /
28 65 8 28 66 12 0.960533 /
28 65 8 28 66 13 0.941579 /
28 65 8 28 66 14 0.892263 /
28 65 9 28 66 13 0.938936 /
28 65 9 28 66 14 0.889108 /
28 65 9 28 66 15 0.892877 /
28 65 10 28 66 14 0.880735 /
28 65 10 28 66 15 0.883511 /
28 65 10 28 66 16 0.832062 /
28 65 11 28 66 15 0.912861 /
28 65 11 28 66 16 0.891082 /
28 65 11 28 66 17 0.933579 /
28 65 12 28 66 16 0.931278 /
28 65 12 28 66 17 0.95056 /
28 65 12 28 66 18 0.930284 /
28 65 13 28 66 17 0.949614 /
28 65 13 28 66 18 0.923662 /
28 65 13 28 66 19 0.92619 /
28 65 14 28 66 18 0.893156 /
28 65 14 28 66 19 0.901219 /
28 65 14 28 66 20 1 /
28 65 15 28 66 19 0.916372 /
28 65 15 28 66 20 1 /
28 65 16 28 66 20 1 /
28 85 3 28 86 1 0.988078 /
28 85 4 28 86 1 0.984676 /
28 85 4 28 86 2 0.900121 /
28 85 5 28 86 1 0.988453 /
28 85 5 28 86 2 0.931515 /
28 85 5 28 86 3 0.95457 /
28 85 6 28 86 1 0.992157 /
28 85 6 28 86 2 0.949388 /
28 85 6 28 86 3 0.967668 /
28 85 6 28 86 4 0.765786 /
28 85 7 28 86 2 0.959422 /
28 85 7 28 86 3 0.972675 /
28 85 7 28 86 4 0.680235 /
28 85 7 28 86 5 0.54234 /
28 85 8 28 86 3 0.980922 /
28 85 8 28 86 4 0.680821 /
28 85 8 28 86 5 0.445259 /
28 85 8 28 86 6 0.824195 /
28 85 9 28 86 4 0.776859 /
28 85 9 28 86 5 0.645818 /
28 85 9 28 86 6 0.850654 /
28 85 9 28 86 7 0.747537 /
28 85 10 28 86 5 0.788714 /
28 85 10 28 86 6 0.87579 /
28 85 10 28 86 7 0.84472 /
28 85 10 28 86 8 0.844672 /
28 85 11 28 86 6 0.876202 /
28 85 11 28 86 7 0.810439 /
28 85 11 28 86 8 0.809597 /
28 85 11 28 86 9 0.83238 /
28 85 12 28 86 7 0.966749 /
28 85 12 28 86 8 0.962087 /
28 85 12 28 86 9 0.965039 /
28 85 12 28 86 10 0.96902 /
28 85 13 28 86 8 0.936638 /
28 85 13 28 86 9 0.933535 /
28 85 13 28 86 10 0.941588 /
28 85 13 28 86 11 0.94022 /
28 85 14 28 86 9 0.786341 /
28 85 14 28 86 10 0.802194 /
28 85 14 28 86 11 0.823517 /
28 85 14 28 86 12 0.918816 /
28 85 15 28 86 10 0.846725 /
28 85 15 28 86 11 0.849462 /
28 85 15 28 86 12 0.92237 /
28 85 15 28 86 13 0.917447 /
28 85 16 28 86 11 0.909913 /
28 85 16 28 86 12 0.938847 /
28 85 16 28 86 13 0.940133 /
28 85 16 28 86 14 0.939253 /
28 85 17 28 86 12 0.934708 /
28 85 17 28 86 13 0.930944 /
28 85 17 28 86 14 0.934124 /
28 85 17 28 86 15 0.961974 /
28 85 18 28 86 13 0.908349 /
28 85 18 28 86 14 0.88811 /
28 85 18 28 86 15 0.934533 /
28 85 18 28 86 16 0.958392 /
28 85 19 28 86 14 0.822943 /
28 85 19 28 86 15 0.880544 /
28 85 19 28 86 16 0.930036 /
28 85 19 28 86 17 0.922292 /
28 85 20 28 86 15 0.886466 /
28 85 20 28 86 16 0.921285 /
28 85 20 28 86 17 0.920567 /
28 85 20 28 86 18 0.903514 /
28 89 1 28 90 2 0.994093 /
28 89 1 28 90 3 0.98942 /
28 89 2 28 90 3 0.985227 /
28 89 2 28 90 4 0.9673 /
28 89 3 28 90 4 0.95522 /
28 89 3 28 90 5 0.967946 /
28 89 4 28 90 5 0.821651 /
28 89 4 28 90 6 0.903935 /
28 89 5 28 90 6 0.837126 /
28 89 5 28 90 7 0.555368 /
28 89 6 28 90 7 0.862082 /
28 89 6 28 90 8 0.873675 /
28 89 7 28 90 8 0.721454 /
28 89 7 28 90 9 0.735868 /
28 89 8 28 90 9 0.683219 /
28 89 8 28 90 10 0.878131 /
28 89 9 28 90 10 0.90323 /
28 89 9 28 90 11 0.962365 /
28 89 10 28 90 11 0.977564 /
28 89 10 28 90 12 0.989571 /
28 89 11 28 90 12 0.989767 /
28 89 11 28 90 13 0.973947 /
28 89 12 28 90 13 0.983258 /
28 89 12 28 90 14 0.960126 /
28 89 13 28 90 14 0.932224 /
28 89 13 28 90 15 0.929424 /
28 89 14 28 90 15 0.934507 /
28 89 14 28 90 16 0.962515 /
28 89 15 28 90 16 0.982164 /
28 89 15 28 90 17 0.981853 /
28 89 16 28 90 17 0.98906 /
28 89 16 28 90 18 0.980497 /
28 89 17 28 90 18 0.981723 /
28 89 17 28 90 19 0.959281 /
28 89 18 28 90 19 0.92821 /
28 89 18 28 90 20 0.921877 /
28 89 19 28 90 20 0.934482 /
28 104 2 28 105 1 1 /
28 104 3 28 105 2 1 /
28 104 4 28 105 3 1 /
28 104 5 28 105 4 0.991427 /
28 104 6 28 105 5 0.991004 /
28 104 7 28 105 6 0.94909 /
28 104 8 28 105 7 0.978935 /
28 104 9 28 105 8 0.970094 /
28 104 10 28 105 9 0.971856 /
28 104 11 28 105 10 0.987725 /
28 104 12 28 105 11 0.99113 /
28 104 13 28 105 12 0.989588 /
28 104 14 28 105 13 0.98706 /
28 104 15 28 105 14 0.980054 /
28 104 16 28 105 15 0.990725 /
28 104 17 28 105 16 0.992672 /
28 104 18 28 105 17 0.989952 /
28 104 19 28 105 18 0.984647 /
28 104 20 28 105 19 0.978372 /
29 49 1 29 50 2 0.999452 /
29 49 1 29 50 3 0.997036 /
29 49 1 29 50 4 0.998176 /
29 49 1 29 50 5 0.999073 /
29 49 1 29 50 6 0.999523 /
29 49 1 29 50 7 0.999917 /
29 49 1 29 50 8 1 /
29 49 2 29 50 3 0.762835 /
29 49 2 29 50 4 0.749107 /
29 49 2 29 50 5 0.774515 /
29 49 2 29 50 6 0.750963 /
29 49 2 29 50 7 0.748839 /
29 49 2 29 50 8 0.788758 /
29 49 2 29 50 9 0.832134 /
29 49 3 29 50 4 0.818227 /
29 49 3 29 50 5 0.78436 /
29 49 3 29 50 6 0.687179 /
29 49 3 29 50 7 0.677566 /
29 49 3 29 50 8 0.760509 /
29 49 3 29 50 9 0.796812 /
29 49 3 29 50 10 0.827482 /
29 49 4 29 50 5 0.865861 /
29 49 4 29 50 6 0.726783 /
29 49 4 29 50 7 0.703836 /
29 49 4 29 50 8 0.788458 /
29 49 4 29 50 9 0.810028 /
29 49 4 29 50 10 0.814296 /
29 49 4 29 50 11 0.937335 /
29 49 5 29 50 6 0.820333 /
29 49 5 29 50 7 0.76691 /
29 49 5 29 50 8 0.820325 /
29 49 5 29 50 9 0.826776 /
29 49 5 29 50 10 0.821926 /
29 49 5 29 50 11 0.930269 /
29 49 5 29 50 12 0.940465 /
29 49 6 29 50 7 0.838582 /
29 49 6 29 50 8 0.850983 /
29 49 6 29 50 9 0.840093 /
29 49 6 29 50 10 0.831282 /
29 49 6 29 50 11 0.929778 /
29 49 6 29 50 12 0.932468 /
29 49 6 29 50 13 0.837124 /
29 49 7 29 50 8 0.889808 /
29 49 7 29 50 9 0.856649 /
29 49 7 29 50 10 0.845541 /
29 49 7 29 50 11 0.93123 /
29 49 7 29 50 12 0.929014 /
29 49 7 29 50 13 0.813635 /
29 49 7 29 50 14 0.859757 /
29 49 8 29 50 9 0.933887 /
29 49 8 29 50 10 0.911824 /
29 49 8 29 50 11 0.947427 /
29 49 8 29 50 12 0.937925 /
29 49 8 29 50 13 0.833821 /
29 49 8 29 50 14 0.862568 /
29 49 8 29 50 15 0.790713 /
29 49 9 29 50 10 0.961678 /
29 49 9 29 50 11 0.964014 /
29 49 9 29 50 12 0.947821 /
29 49 9 29 50 13 0.854602 /
29 49 9 29 50 14 0.869202 /
29 49 9 29 50 15 0.786644 /
29 49 9 29 50 16 0.818606 /
29 49 10 29 50 11 0.970868 /
29 49 10 29 50 12 0.948782 /
29 49 10 29 50 13 0.857162 /
29 49 10 29 50 14 0.867598 /
29 49 10 29 50 15 0.784366 /
29 49 10 29 50 16 0.806353 /
29 49 10 29 50 17 0.825768 /
29 49 11 29 50 12 0.972452 /
29 49 11 29 50 13 0.922434 /
29 49 11 29 50 14 0.909566 /
29 49 11 29 50 15 0.859733 /
29 49 11 29 50 16 0.860714 /
29 49 11 29 50 17 0.867205 /
29 49 11 29 50 18 0.795325 /
29 49 12 29 50 13 0.962907 /
29 49 12 29 50 14 0.942633 /
29 49 12 29 50 15 0.909194 /
29 49 12 29 50 16 0.902632 /
29 49 12 29 50 17 0.900153 /
29 49 12 29 50 18 0.836439 /
29 49 12 29 50 19 1 /
29 49 13 29 50 14 0.96116 /
29 49 13 29 50 15 0.92233 /
29 49 13 29 50 16 0.910836 /
29 49 13 29 50 17 0.906124 /
29 49 13 29 50 18 0.821509 /
29 49 13 29 50 19 1 /
29 49 13 29 50 20 1 /
29 49 14 29 50 15 0.96831 /
29 49 14 29 50 16 0.950588 /
29 49 14 29 50 17 0.941136 /
29 49 14 29 50 18 0.885842 /
29 49 14 29 50 19 1 /
29 49 14 29 50 20 1 /
29 49 15 29 50 16 0.965437 /
29 49 15 29 50 17 0.95041 /
29 49 15 29 50 18 0.879745 /
29 49 15 29 50 19 1 /
29 49 15 29 50 20 0.999966 /
29 49 16 29 50 17 0.975702 /
29 49 16 29 50 18 0.920784 /
29 49 16 29 50 19 1 /
29 49 16 29 50 20 0.999723 /
29 49 17 29 50 18 0.956468 /
29 49 17 29 50 19 0.999882 /
29 49 17 29 50 20 0.999272 /
29 49 18 29 50 19 0.999594 /
29 49 18 29 50 20 0.998691 /
29 49 19 29 50 20 0.999651 /
29 78 2 29 79 1 0.994762 /
29 78 3 29 79 1 0.999104 /
29 78 3 29 79 2 0.999611 /
29 78 4 29 79 2 0.996715 /
29 78 4 29 79 3 0.999233 /
29 78 5 29 79 3 0.99897 /
29 78 5 29 79 4 0.99588 /
29 78 6 29 79 4 0.996693 /
29 78 6 29 79 5 0.574087 /
29 78 7 29 79 5 0.589607 /
29 78 7 29 79 6 0.83513 /
29 78 8 29 79 6 0.909773 /
29 78 8 29 79 7 0.913698 /
29 78 9 29 79 7 0.916891 /
29 78 9 29 79 8 0.902035 /
29 78 10 29 79 8 0.903838 /
29 78 10 29 79 9 0.94096 /
29 78 11 29 79 9 0.986322 /
29 78 11 29 79 10 0.982225 /
29 78 12 29 79 10 0.96765 /
29 78 12 29 79 11 0.975694 /
29 78 13 29 79 11 0.976694 /
29 78 13 29 79 12 0.987129 /
29 78 14 29 79 12 0.975415 /
29 78 14 29 79 13 0.967802 /
29 78 15 29 79 13 0.959972 /
29 78 15 29 79 14 0.94584 /
29 78 16 29 79 14 0.969234 /
29 78 16 29 79 15 0.976663 /
29 78 17 29 79 15 0.971336 /
29 78 17 29 79 16 0.982434 /
29 78 18 29 79 16 0.979569 /
29 78 18 29 79 17 0.984125 /
29 78 19 29 79 17 0.973653 /
29 78 19 29 79 18 0.957265 /
29 78 20 29 79 18 0.946556 /
29 78 20 29 79 19 0.942124 /
29 90 1 29 91 3 0.97843 /
29 90 1 29 91 4 0.971586 /
29 90 1 29 91 5 0.968532 /
29 90 2 29 91 4 0.956025 /
29 90 2 29 91 5 0.945914 /
29 90 2 29 91 6 0.930701 /
29 90 3 29 91 5 0.91372 /
29 90 3 29 91 6 0.905208 /
29 90 3 29 91 7 0.927564 /
29 90 4 29 91 6 0.887461 /
29 90 4 29 91 7 0.93796 /
29 90 4 29 91 8 0.960853 /
29 90 5 29 91 7 0.946706 /
29 90 5 29 91 8 0.973653 /
29 90 5 29 91 9 0.982612 /
29 90 6 29 91 8 0.667667 /
29 90 6 29 91 9 0.712933 /
29 90 6 29 91 10 0.866126 /
29 90 7 29 91 9 0.555089 /
29 90 7 29 91 10 0.825352 /
29 90 7 29 91 11 0.913337 /
29 90 8 29 91 10 0.812102 /
29 90 8 29 91 11 0.906448 /
29 90 8 29 91 12 0.97394 /
29 90 9 29 91 11 0.907618 /
29 90 9 29 91 12 0.97153 /
29 90 9 29 91 13 0.955491 /
29 90 10 29 91 12 0.971075 /
29 90 10 29 91 13 0.953162 /
29 90 10 29 91 14 0.810007 /
29 90 11 29 91 13 0.956253 /
29 90 11 29 91 14 0.861994 /
29 90 11 29 91 15 0.874332 /
29 90 12 29 91 14 0.926565 /
29 90 12 29 91 15 0.934006 /
29 90 12 29 91 16 0.943802 /
29 90 13 29 91 15 0.909109 /
29 90 13 29 91 16 0.929781 /
29 90 13 29 91 17 0.936661 /
29 90 14 29 91 16 0.906617 /
29 90 14 29 91 17 0.928224 /
29 90 14 29 91 18 0.916322 /
29 90 15 29 91 17 0.956458 /
29 90 15 29 91 18 0.940735 /
29 90 15 29 91 19 0.892557 /
29 90 16 29 91 18 0.9551 /
29 90 16 29 91 19 0.915649 /
29 90 16 29 91 20 0.912834 /
29 90 17 29 91 19 0.926731 /
29 90 17 29 91 20 0.929682 /
29 90 18 29 91 20 0.895344 /
29 92 6 29 93 1 0.990155 /
29 92 7 29 93 1 0.993039 /
29 92 7 29 93 2 0.97828 /
29 92 8 29 93 1 0.995298 /
29 92 8 29 93 2 0.983721 /
29 92 8 29 93 3 0.98661 /
29 92 9 29 93 2 0.987391 /
29 92 9 29 93 3 0.989275 /
29 92 9 29 93 4 0.965435 /
29 92 10 29 93 3 0.991057 /
29 92 10 29 93 4 0.97094 /
29 92 10 29 93 5 0.949772 /
29 92 11 29 93 4 0.974839 /
29 92 11 29 93 5 0.959225 /
29 92 11 29 93 6 0.814029 /
29 92 12 29 93 5 0.968951 /
29 92 12 29 93 6 0.905473 /
29 92 12 29 93 7 0.905963 /
29 92 13 29 93 6 0.953941 /
29 92 13 29 93 7 0.951523 /
29 92 13 29 93 8 0.948378 /
29 92 14 29 93 7 0.734585 /
29 92 14 29 93 8 0.707511 /
29 92 14 29 93 9 0.676692 /
29 92 15 29 93 8 0.835524 /
29 92 15 29 93 9 0.823112 /
29 92 15 29 93 10 0.834862 /
29 92 16 29 93 9 0.863893 /
29 92 16 29 93 10 0.869032 /
29 92 16 29 93 11 0.880591 /
29 92 17 29 93 10 0.887911 /
29 92 17 29 93 11 0.891263 /
29 92 17 29 93 12 0.891482 /
29 92 18 29 93 11 0.861146 /
29 92 18 29 93 12 0.864204 /
29 92 18 29 93 13 0.905952 /
29 92 19 29 93 12 0.721497 /
29 92 19 29 93 13 0.837825 /
29 92 19 29 93 14 0.654058 /
29 92 20 29 93 13 0.84665 /
29 92 20 29 93 14 0.744169 /
29 92 20 29 93 15 0.842625 /
29 94 1 29 95 7 0.997242 /
29 94 1 29 95 8 0.998469 /
29 94 1 29 95 9 0.99929 /
29 94 2 29 95 8 0.992624 /
29 94 2 29 95 9 0.994321 /
29 94 2 29 95 10 0.995413 /
29 94 3 29 95 9 0.995755 /
29 94 3 29 95 10 0.996477 /
29 94 3 29 95 11 0.997132 /
29 94 4 29 95 10 0.954153 /
29 94 4 29 95 11 0.961469 /
29 94 4 29 95 12 0.966037 /
29 94 5 29 95 11 0.94208 /
29 94 5 29 95 12 0.944707 /
29 94 5 29 95 13 0.968073 /
29 94 6 29 95 12 0.864313 /
29 94 6 29 95 13 0.947092 /
29 94 6 29 95 14 0.772292 /
29 94 7 29 95 13 0.944162 /
29 94 7 29 95 14 0.736727 /
29 94 7 29 95 15 0.843285 /
29 94 8 29 95 14 0.713245 /
29 94 8 29 95 15 0.827038 /
29 94 8 29 95 16 0.900032 /
29 94 9 29 95 15 0.806538 /
29 94 9 29 95 16 0.891361 /
29 94 9 29 95 17 0.892357 /
29 94 10 29 95 16 0.890366 /
29 94 10 29 95 17 0.892019 /
29 94 10 29 95 18 0.846604 /
29 94 11 29 95 17 0.896402 /
29 94 11 29 95 18 0.855883 /
29 94 11 29 95 19 0.699959 /
29 94 12 29 95 18 0.849652 /
29 94 12 29 95 19 0.699677 /
29 94 12 29 95 20 0.749727 /
29 94 13 29 95 19 0.833452 /
29 94 13 29 95 20 0.846965 /
29 94 14 29 95 20 0.720749 /
29 100 5 29 101 1 0.89938 /
29 100 6 29 101 1 0.144811 /
29 100 6 29 101 2 1 /
29 100 7 29 101 2 1 /
29 100 7 29 101 3 0.998864 /
29 100 8 29 101 3 0.999407 /
29 100 8 29 101 4 0.988108 /
29 100 9 29 101 4 0.99252 /
29 100 9 29 101 5 0.991852 /
29 100 10 29 101 5 0.994808 /
29 100 10 29 101 6 0.843192 /
29 100 11 29 101 6 0.878257 /
29 100 11 29 101 7 0.878212 /
29 100 12 29 101 7 0.884308 /
29 100 12 29 101 8 0.877502 /
29 100 13 29 101 8 0.951479 /
29 100 13 29 101 9 0.939638 /
29 100 14 29 101 9 0.849559 /
29 100 14 29 101 10 0.854914 /
29 100 15 29 101 10 0.916431 /
29 100 15 29 101 11 0.91004 /
29 100 16 29 101 11 0.87953 /
29 100 16 29 101 12 0.864234 /
29 100 17 29 101 12 0.910733 /
29 100 17 29 101 13 0.923254 /
29 100 18 29 101 13 0.891991 /
29 100 18 29 101 14 0.871797 /
29 100 19 29 101 14 0.814794 /
29 100 19 29 101 15 0.871358 /
29 100 20 29 101 15 0.901741 /
29 100 20 29 101 16 0.891215 /
29 101 2 29 102 1 1 /
29 101 3 29 102 2 1 /
29 101 4 29 102 3 1 /
29 101 5 29 102 4 0.997719 /
29 101 6 29 102 5 0.998526 /
29 101 7 29 102 6 0.976785 /
29 101 8 29 102 7 0.990726 /
29 101 9 29 102 8 0.993092 /
29 101 10 29 102 9 0.992984 /
29 101 11 29 102 10 0.994673 /
29 101 12 29 102 11 0.995967 /
29 101 13 29 102 12 0.997387 /
29 101 14 29 102 13 0.996414 /
29 101 15 29 102 14 0.99404 /
29 101 16 29 102 15 0.996385 /
29 101 17 29 102 16 0.997116 /
29 101 18 29 102 17 0.996733 /
29 101 19 29 102 18 0.995229 /
29 101 20 29 102 19 0.993523 /
29 106 2 29 107 1 1 /
29 106 3 29 107 1 1 /
29 106 3 29 107 2 1 /
29 106 4 29 107 1 0.966024 /
29 106 4 29 107 2 1 /
29 106 4 29 107 3 0.999348 /
29 106 5 29 107 2 0.999485 /
29 106 5 29 107 3 0.997261 /
29 106 5 29 107 4 0.948533 /
29 106 6 29 107 3 0.996097 /
29 106 6 29 107 4 0.915938 /
29 106 6 29 107 5 0.929769 /
29 106 7 29 107 4 0.929804 /
29 106 7 29 107 5 0.926759 /
29 106 7 29 107 6 0.997762 /
29 106 8 29 107 5 0.949077 /
29 106 8 29 107 6 0.998659 /
29 106 8 29 107 7 0.941208 /
29 106 9 29 107 6 0.999608 /
29 106 9 29 107 7 0.922028 /
29 106 9 29 107 8 0.867515 /
29 106 10 29 107 7 0.943856 /
29 106 10 29 107 8 0.864097 /
29 106 10 29 107 9 0.835598 /
29 106 11 29 107 8 0.95648 /
29 106 11 29 107 9 0.948825 /
29 106 11 29 107 10 0.967446 /
29 106 12 29 107 9 0.876839 /
29 106 12 29 107 10 0.899362 /
29 106 12 29 107 11 0.970621 /
29 106 13 29 107 10 0.936764 /
29 106 13 29 107 11 0.961475 /
29 106 13 29 107 12 0.960099 /
29 106 14 29 107 11 0.960235 /
29 106 14 29 107 12 0.938803 /
29 106 14 29 107 13 0.95615 /
29 106 15 29 107 12 0.890103 /
29 106 15 29 107 13 0.884583 /
29 106 15 29 107 14 0.927151 /
29 106 16 29 107 13 0.887431 /
29 106 16 29 107 14 0.931234 /
29 106 16 29 107 15 0.965177 /
29 106 17 29 107 14 0.950746 /
29 106 17 29 107 15 0.955564 /
29 106 17 29 107 16 0.971408 /
29 106 18 29 107 15 0.941108 /
29 106 18 29 107 16 0.941348 /
29 106 18 29 107 17 0.964257 /
29 106 19 29 107 16 0.919017 /
29 106 19 29 107 17 0.933472 /
29 106 19 29 107 18 0.954798 /
29 106 20 29 107 17 0.913817 /
29 106 20 29 107 18 0.913136 /
29 106 20 29 107 19 0.924902 /
29 108 2 29 109 1 1 /
29 108 3 29 109 1 0.997877 /
29 108 3 29 109 2 1 /
29 108 4 29 109 2 1 /
29 108 4 29 109 3 0.996775 /
29 108 5 29 109 3 0.997161 /
29 108 5 29 109 4 0.628666 /
29 108 6 29 109 4 0.995534 /
29 108 6 29 109 5 0.993953 /
29 108 7 29 109 5 0.55758 /
29 108 7 29 109 6 0.992047 /
29 108 8 29 109 6 0.996773 /
29 108 8 29 109 7 0.89794 /
29 108 9 29 109 7 0.951657 /
29 108 9 29 109 8 0.772088 /
29 108 10 29 109 8 0.874727 /
29 108 10 29 109 9 0.790887 /
29 108 11 29 109 9 0.914733 /
29 108 11 29 109 10 0.912518 /
29 108 12 29 109 10 0.875678 /
29 108 12 29 109 11 0.925889 /
29 108 13 29 109 11 0.942559 /
29 108 13 29 109 12 0.929117 /
29 108 14 29 109 12 0.957315 /
29 108 14 29 109 13 0.93335 /
29 108 15 29 109 13 0.844813 /
29 108 15 29 109 14 0.884881 /
29 108 16 29 109 14 0.919219 /
29 108 16 29 109 15 0.924312 /
29 108 17 29 109 15 0.953303 /
29 108 17 29 109 16 0.942579 /
29 108 18 29 109 16 0.921548 /
29 108 18 29 109 17 0.936579 /
29 108 19 29 109 17 0.944488 /
29 108 19 29 109 18 0.93684 /
29 108 20 29 109 18 0.908202 /
29 108 20 29 109 19 0.884972 /
29 119 1 29 120 2 0.999879 /
29 119 1 29 120 3 0.99938 /
29 119 2 29 120 3 0.999974 /
29 119 2 29 120 4 0.999988 /
29 119 3 29 120 4 0.999929 /
29 119 3 29 120 5 0.999334 /
29 119 4 29 120 5 0.9991 /
29 119 4 29 120 6 0.998712 /
29 119 5 29 120 6 0.986492 /
29 119 5 29 120 7 0.993319 /
29 119 6 29 120 7 0.569525 /
29 119 6 29 120 8 0.745749 /
29 119 7 29 120 8 0.768533 /
29 119 7 29 120 9 0.719365 /
29 119 8 29 120 9 0.828927 /
29 119 8 29 120 10 0.789195 /
29 119 9 29 120 10 0.62116 /
29 119 9 29 120 11 0.881941 /
29 119 10 29 120 11 0.884067 /
29 119 10 29 120 12 0.847051 /
29 119 11 29 120 12 0.927397 /
29 119 11 29 120 13 0.924388 /
29 119 12 29 120 13 0.916632 /
29 119 12 29 120 14 0.935252 /
29 119 13 29 120 14 0.938192 /
29 119 13 29 120 15 0.921381 /
29 119 14 29 120 15 0.910555 /
29 119 14 29 120 16 0.798411 /
29 119 15 29 120 16 0.87461 /
29 119 15 29 120 17 0.955413 /
29 119 16 29 120 17 0.925955 /
29 119 16 29 120 18 0.966554 /
29 119 17 29 120 18 0.973887 /
29 119 17 29 120 19 0.966348 /
29 119 18 29 120 19 0.975528 /
29 119 18 29 120 20 0.950253 /
29 119 19 29 120 20 0.935641 /
30 46 1 30 47 6 0.999008 /
30 46 1 30 47 7 0.999727 /
30 46 1 30 47 8 1 /
30 46 2 30 47 7 0.620854 /
30 46 2 30 47 8 0.716143 /
30 46 2 30 47 9 0.776657 /
30 46 3 30 47 8 0.658812 /
30 46 3 30 47 9 0.741433 /
30 46 3 30 47 10 0.847306 /
30 46 4 30 47 9 0.737094 /
30 46 4 30 47 10 0.840329 /
30 46 4 30 47 11 0.917966 /
30 46 5 30 47 10 0.83588 /
30 46 5 30 47 11 0.907156 /
30 46 5 30 47 12 0.929076 /
30 46 6 30 47 11 0.891543 /
30 46 6 30 47 12 0.919557 /
30 46 6 30 47 13 0.783279 /
30 46 7 30 47 12 0.911967 /
30 46 7 30 47 13 0.7657 /
30 46 7 30 47 14 0.842677 /
30 46 8 30 47 13 0.735704 /
30 46 8 30 47 14 0.836464 /
30 46 8 30 47 15 0.800321 /
30 46 9 30 47 14 0.838141 /
30 46 9 30 47 15 0.796077 /
30 46 9 30 47 16 0.779592 /
30 46 10 30 47 15 0.796521 /
30 46 10 30 47 16 0.778207 /
30 46 10 30 47 17 0.808109 /
30 46 11 30 47 16 0.818183 /
30 46 11 30 47 17 0.85366 /
30 46 11 30 47 18 0.895769 /
30 46 12 30 47 17 0.900798 /
30 46 12 30 47 18 0.907195 /
30 46 12 30 47 19 1 /
30 46 13 30 47 18 0.850581 /
30 46 13 30 47 19 1 /
30 46 13 30 47 20 1 /
30 46 14 30 47 19 1 /
30 46 14 30 47 20 1 /
30 46 15 30 47 20 0.999651 /
30 47 7 30 48 1 1 /
30 47 8 30 48 1 1 /
30 47 8 30 48 2 0.695771 /
30 47 9 30 48 2 0.773046 /
30 47 9 30 48 3 0.751338 /
30 47 10 30 48 3 0.851795 /
30 47 10 30 48 4 0.840736 /
30 47 11 30 48 4 0.918668 /
30 47 11 30 48 5 0.905867 /
30 47 12 30 48 5 0.93033 /
30 47 12 30 48 6 0.91937 /
30 47 13 30 48 6 0.783321 /
30 47 13 30 48 7 0.750087 /
30 47 14 30 48 7 0.839264 /
30 47 14 30 48 8 0.837311 /
30 47 15 30 48 8 0.803469 /
30 47 15 30 48 9 0.796897 /
30 47 16 30 48 9 0.78214 /
30 47 16 30 48 10 0.777555 /
30 47 17 30 48 10 0.807516 /
30 47 17 30 48 11 0.851925 /
30 47 18 30 48 11 0.895552 /
30 47 18 30 48 12 0.896433 /
30 47 19 30 48 12 1 /
30 47 19 30 48 13 1 /
30 47 20 30 48 13 1 /
30 47 20 30 48 14 1 /
30 48 1 30 49 7 1 /
30 48 1 30 49 8 1 /
30 48 2 30 49 8 0.73336 /
30 48 2 30 49 9 0.792038 /
30 48 3 30 49 9 0.783233 /
30 48 3 30 49 10 0.811769 /
30 48 4 30 49 10 0.800202 /
30 48 4 30 49 11 0.917919 /
30 48 5 30 49 11 0.904645 /
30 48 5 30 49 12 0.915515 /
30 48 6 30 49 12 0.90304 /
30 48 6 30 49 13 0.858264 /
30 48 7 30 49 13 0.835316 /
30 48 7 30 49 14 0.864029 /
30 48 8 30 49 14 0.858276 /
30 48 8 30 49 15 0.768754 /
30 48 9 30 49 15 0.766089 /
30 48 9 30 49 16 0.777654 /
30 48 10 30 49 16 0.774101 /
30 48 10 30 49 17 0.790088 /
30 48 11 30 49 17 0.834498 /
30 48 11 30 49 18 0.811806 /
30 48 12 30 49 18 0.834699 /
30 48 12 30 49 19 1 /
30 48 13 30 49 19 1 /
30 48 13 30 49 20 1 /
30 48 14 30 49 20 1 /
30 75 1 30 76 2 0.991896 /
30 75 1 30 76 3 0.998852 /
30 75 1 30 76 4 0.983641 /
30 75 2 30 76 3 0.999684 /
30 75 2 30 76 4 0.988226 /
30 75 2 30 76 5 0.991764 /
30 75 3 30 76 4 0.999884 /
30 75 3 30 76 5 1 /
30 75 3 30 76 6 1 /
30 75 4 30 76 5 0.811173 /
30 75 4 30 76 6 0.770214 /
30 75 4 30 76 7 0.673944 /
30 75 5 30 76 6 0.807944 /
30 75 5 30 76 7 0.5998 /
30 75 5 30 76 8 0.721713 /
30 75 6 30 76 7 0.840722 /
30 75 6 30 76 8 0.851973 /
30 75 6 30 76 9 0.906258 /
30 75 7 30 76 8 0.901081 /
30 75 7 30 76 9 0.893569 /
30 75 7 30 76 10 0.914931 /
30 75 8 30 76 9 0.927792 /
30 75 8 30 76 10 0.915664 /
30 75 8 30 76 11 0.970844 /
30 75 9 30 76 10 0.961444 /
30 75 9 30 76 11 0.973184 /
30 75 9 30 76 12 0.967297 /
30 75 10 30 76 11 0.980521 /
30 75 10 30 76 12 0.959079 /
30 75 10 30 76 13 0.954102 /
30 75 11 30 76 12 0.978992 /
30 75 11 30 76 13 0.971212 /
30 75 11 30 76 14 0.944259 /
30 75 12 30 76 13 0.985358 /
30 75 12 30 76 14 0.952077 /
30 75 12 30 76 15 0.950466 /
30 75 13 30 76 14 0.972142 /
30 75 13 30 76 15 0.958621 /
30 75 13 30 76 16 0.959427 /
30 75 14 30 76 15 0.964948 /
30 75 14 30 76 16 0.951147 /
30 75 14 30 76 17 0.958167 /
30 75 15 30 76 16 0.978719 /
30 75 15 30 76 17 0.969608 /
30 75 15 30 76 18 0.961509 /
30 75 16 30 76 17 0.982439 /
30 75 16 30 76 18 0.966849 /
30 75 16 30 76 19 0.94803 /
30 75 17 30 76 18 0.981014 /
30 75 17 30 76 19 0.950758 /
30 75 17 30 76 20 0.946011 /
30 75 18 30 76 19 0.961684 /
30 75 18 30 76 20 0.944433 /
30 75 19 30 76 20 0.961566 /
30 107 3 30 108 1 0.99607 /
30 107 4 30 108 1 0.387119 /
30 107 4 30 108 2 0.998562 /
30 107 5 30 108 1 0.294379 /
30 107 5 30 108 2 0.999325 /
30 107 5 30 108 3 0.994525 /
30 107 6 30 108 2 0.999703 /
30 107 6 30 108 3 0.996479 /
30 107 6 30 108 4 0.992265 /
30 107 7 30 108 3 0.991673 /
30 107 7 30 108 4 0.520037 /
30 107 7 30 108 5 0.396921 /
30 107 8 30 108 4 0.454363 /
30 107 8 30 108 5 0.204552 /
30 107 8 30 108 6 0.996044 /
30 107 9 30 108 5 0.135568 /
30 107 9 30 108 6 0.998211 /
30 107 9 30 108 7 0.854196 /
30 107 10 30 108 6 0.998714 /
30 107 10 30 108 7 0.879343 /
30 107 10 30 108 8 0.756461 /
30 107 11 30 108 7 0.943088 /
30 107 11 30 108 8 0.92547 /
30 107 11 30 108 9 0.924351 /
30 107 12 30 108 8 0.802536 /
30 107 12 30 108 9 0.777964 /
30 107 12 30 108 10 0.819512 /
30 107 13 30 108 9 0.90594 /
30 107 13 30 108 10 0.911084 /
30 107 13 30 108 11 0.938689 /
30 107 14 30 108 10 0.900758 /
30 107 14 30 108 11 0.909197 /
30 107 14 30 108 12 0.878481 /
30 107 15 30 108 11 0.856598 /
30 107 15 30 108 12 0.803337 /
30 107 15 30 108 13 0.848651 /
30 107 16 30 108 12 0.793333 /
30 107 16 30 108 13 0.847986 /
30 107 16 30 108 14 0.89933 /
30 107 17 30 108 13 0.873551 /
30 107 17 30 108 14 0.905191 /
30 107 17 30 108 15 0.896916 /
30 107 18 30 108 14 0.895106 /
30 107 18 30 108 15 0.884424 /
30 107 18 30 108 16 0.905349 /
30 107 19 30 108 15 0.851842 /
30 107 19 30 108 16 0.850089 /
30 107 19 30 108 17 0.871856 /
30 107 20 30 108 16 0.785107 /
30 107 20 30 108 17 0.83551 /
30 107 20 30 108 18 0.860821 /
30 110 4 30 111 1 0.500582 /
30 110 5 30 111 1 0.45326 /
30 110 5 30 111 2 0.998795 /
30 110 6 30 111 2 0.999196 /
30 110 6 30 111 3 0.995835 /
30 110 7 30 111 3 0.996282 /
30 110 7 30 111 4 0.351822 /
30 110 8 30 111 4 0.467069 /
30 110 8 30 111 5 0.280981 /
30 110 9 30 111 5 0.243228 /
30 110 9 30 111 6 1 /
30 110 10 30 111 6 1 /
30 110 10 30 111 7 0.761735 /
30 110 11 30 111 7 0.874388 /
30 110 11 30 111 8 0.86859 /
30 110 12 30 111 8 0.784969 /
30 110 12 30 111 9 0.727067 /
30 110 13 30 111 9 0.564667 /
30 110 13 30 111 10 0.595972 /
30 110 14 30 111 10 0.908607 /
30 110 14 30 111 11 0.917347 /
30 110 15 30 111 11 0.884465 /
30 110 15 30 111 12 0.832188 /
30 110 16 30 111 12 0.776525 /
30 110 16 30 111 13 0.750383 /
30 110 17 30 111 13 0.828719 /
30 110 17 30 111 14 0.861892 /
30 110 18 30 111 14 0.874197 /
30 110 18 30 111 15 0.87937 /
30 110 19 30 111 15 0.869205 /
30 110 19 30 111 16 0.842984 /
30 110 20 30 111 16 0.793051 /
30 110 20 30 111 17 0.831495 /
30 118 1 30 119 2 0.999558 /
30 118 1 30 119 3 0.998837 /
30 118 1 30 119 4 0.999292 /
30 118 2 30 119 3 1 /
30 118 2 30 119 4 1 /
30 118 2 30 119 5 0.999497 /
30 118 3 30 119 4 0.999821 /
30 118 3 30 119 5 0.997789 /
30 118 3 30 119 6 0.996561 /
30 118 4 30 119 5 0.996024 /
30 118 4 30 119 6 0.995289 /
30 118 4 30 119 7 0.996516 /
30 118 5 30 119 6 0.975497 /
30 118 5 30 119 7 0.984434 /
30 118 5 30 119 8 0.991972 /
30 118 6 30 119 7 0.711174 /
30 118 6 30 119 8 0.751563 /
30 118 6 30 119 9 0.793866 /
30 118 7 30 119 8 0.704662 /
30 118 7 30 119 9 0.63428 /
30 118 7 30 119 10 0.559436 /
30 118 8 30 119 9 0.719786 /
30 118 8 30 119 10 0.558664 /
30 118 8 30 119 11 0.878023 /
30 118 9 30 119 10 0.483583 /
30 118 9 30 119 11 0.874003 /
30 118 9 30 119 12 0.710726 /
30 118 10 30 119 11 0.875415 /
30 118 10 30 119 12 0.725424 /
30 118 10 30 119 13 0.749997 /
30 118 11 30 119 12 0.902449 /
30 118 11 30 119 13 0.890061 /
30 118 11 30 119 14 0.926164 /
30 118 12 30 119 13 0.884534 /
30 118 12 30 119 14 0.919958 /
30 118 12 30 119 15 0.85519 /
30 118 13 30 119 14 0.933376 /
30 118 13 30 119 15 0.841427 /
30 118 13 30 119 16 0.659913 /
30 118 14 30 119 15 0.844325 /
30 118 14 30 119 16 0.795943 /
30 118 14 30 119 17 0.852516 /
30 118 15 30 119 16 0.853305 /
30 118 15 30 119 17 0.884391 /
30 118 15 30 119 18 0.947054 /
30 118 16 30 119 17 0.932116 /
30 118 16 30 119 18 0.954315 /
30 118 16 30 119 19 0.941554 /
30 118 17 30 119 18 0.960478 /
30 118 17 30 119 19 0.948387 /
30 118 17 30 119 20 0.859758 /
30 118 18 30 119 19 0.964982 /
30 118 18 30 119 20 0.903115 /
30 118 19 30 119 20 0.887711 /
31 43 1 31 44 2 0.751515 /
31 43 1 31 44 3 0.69871 /
31 43 1 31 44 4 0.733597 /
31 43 1 31 44 5 0.757775 /
31 43 1 31 44 6 0.673937 /
31 43 1 31 44 7 0.729467 /
31 43 2 31 44 3 0.843233 /
31 43 2 31 44 4 0.826334 /
31 43 2 31 44 5 0.827254 /
31 43 2 31 44 6 0.688146 /
31 43 2 31 44 7 0.702516 /
31 43 2 31 44 8 0.776546 /
31 43 3 31 44 4 0.901254 /
31 43 3 31 44 5 0.8726 /
31 43 3 31 44 6 0.700516 /
31 43 3 31 44 7 0.693088 /
31 43 3 31 44 8 0.7454 /
31 43 3 31 44 9 0.831618 /
31 43 4 31 44 5 0.930692 /
31 43 4 31 44 6 0.792353 /
31 43 4 31 44 7 0.77607 /
31 43 4 31 44 8 0.781507 /
31 43 4 31 44 9 0.832954 /
31 43 4 31 44 10 0.851579 /
31 43 5 31 44 6 0.922111 /
31 43 5 31 44 7 0.886754 /
31 43 5 31 44 8 0.860445 /
31 43 5 31 44 9 0.863565 /
31 43 5 31 44 10 0.869308 /
31 43 5 31 44 11 0.939711 /
31 43 6 31 44 7 0.909915 /
31 43 6 31 44 8 0.863034 /
31 43 6 31 44 9 0.860565 /
31 43 6 31 44 10 0.856531 /
31 43 6 31 44 11 0.927285 /
31 43 6 31 44 12 0.948037 /
31 43 7 31 44 8 0.899991 /
31 43 7 31 44 9 0.864561 /
31 43 7 31 44 10 0.862322 /
31 43 7 31 44 11 0.9218 /
31 43 7 31 44 12 0.939661 /
31 43 7 31 44 13 0.789668 /
31 43 8 31 44 9 0.932638 /
31 43 8 31 44 10 0.911855 /
31 43 8 31 44 11 0.938067 /
31 43 8 31 44 12 0.941598 /
31 43 8 31 44 13 0.796337 /
31 43 8 31 44 14 0.892184 /
31 43 9 31 44 10 0.965801 /
31 43 9 31 44 11 0.961179 /
31 43 9 31 44 12 0.951297 /
31 43 9 31 44 13 0.820817 /
31 43 9 31 44 14 0.889173 /
31 43 9 31 44 15 0.79292 /
31 43 10 31 44 11 0.97542 /
31 43 10 31 44 12 0.951117 /
31 43 10 31 44 13 0.846007 /
31 43 10 31 44 14 0.886853 /
31 43 10 31 44 15 0.798392 /
31 43 10 31 44 16 0.810922 /
31 43 11 31 44 12 0.975649 /
31 43 11 31 44 13 0.918573 /
31 43 11 31 44 14 0.920562 /
31 43 11 31 44 15 0.861155 /
31 43 11 31 44 16 0.863784 /
31 43 11 31 44 17 0.897873 /
31 43 12 31 44 13 0.968364 /
31 43 12 31 44 14 0.952399 /
31 43 12 31 44 15 0.919824 /
31 43 12 31 44 16 0.908271 /
31 43 12 31 44 17 0.921337 /
31 43 12 31 44 18 0.980092 /
31 43 13 31 44 14 0.960736 /
31 43 13 31 44 15 0.894947 /
31 43 13 31 44 16 0.876609 /
31 43 13 31 44 17 0.898057 /
31 43 13 31 44 18 0.977092 /
31 43 13 31 44 19 1 /
31 43 14 31 44 15 0.968764 /
31 43 14 31 44 16 0.946216 /
31 43 14 31 44 17 0.945765 /
31 43 14 31 44 18 0.980613 /
31 43 14 31 44 19 1 /
31 43 14 31 44 20 0.999934 /
31 43 15 31 44 16 0.961042 /
31 43 15 31 44 17 0.95354 /
31 43 15 31 44 18 0.983956 /
31 43 15 31 44 19 1 /
31 43 15 31 44 20 0.999648 /
31 43 16 31 44 17 0.980371 /
31 43 16 31 44 18 0.989165 /
31 43 16 31 44 19 0.999833 /
31 43 16 31 44 20 0.999261 /
31 43 17 31 44 18 0.991715 /
31 43 17 31 44 19 0.999069 /
31 43 17 31 44 20 0.998423 /
31 43 18 31 44 19 0.999665 /
31 43 18 31 44 20 0.999443 /
31 43 19 31 44 20 0.999797 /
31 54 1 31 55 2 0.999933 /
31 54 2 31 55 3 0.999821 /
31 54 3 31 55 4 0.976803 /
31 54 4 31 55 5 0.979626 /
31 54 5 31 55 6 0.97432 /
31 54 6 31 55 7 0.980465 /
31 54 7 31 55 8 0.993726 /
31 54 8 31 55 9 0.994645 /
31 54 9 31 55 10 0.995557 /
31 54 10 31 55 11 0.996117 /
31 54 11 31 55 12 0.997676 /
31 54 12 31 55 13 0.997795 /
31 54 13 31 55 14 0.997019 /
31 54 14 31 55 15 0.996526 /
31 54 15 31 55 16 0.995994 /
31 54 16 31 55 17 0.99808 /
31 54 17 31 55 18 0.99718 /
31 54 18 31 55 19 0.995847 /
31 54 19 31 55 20 0.999904 /
31 73 1 31 74 2 0.992756 /
31 73 1 31 74 3 0.999215 /
31 73 2 31 74 3 0.999767 /
31 73 2 31 74 4 0.997595 /
31 73 3 31 74 4 1 /
31 73 3 31 74 5 1 /
31 73 4 31 74 5 0.931041 /
31 73 4 31 74 6 0.969353 /
31 73 5 31 74 6 0.846226 /
31 73 5 31 74 7 0.486477 /
31 73 6 31 74 7 0.844703 /
31 73 6 31 74 8 0.958535 /
31 73 7 31 74 8 0.934134 /
31 73 7 31 74 9 0.966379 /
31 73 8 31 74 9 0.958488 /
31 73 8 31 74 10 0.97035 /
31 73 9 31 74 10 0.981264 /
31 73 9 31 74 11 0.991442 /
31 73 10 31 74 11 0.984032 /
31 73 10 31 74 12 0.967439 /
31 73 11 31 74 12 0.979636 /
31 73 11 31 74 13 0.98753 /
31 73 12 31 74 13 0.990949 /
31 73 12 31 74 14 0.985894 /
31 73 13 31 74 14 0.984512 /
31 73 13 31 74 15 0.983021 /
31 73 14 31 74 15 0.982081 /
31 73 14 31 74 16 0.983433 /
31 73 15 31 74 16 0.986697 /
31 73 15 31 74 17 0.983931 /
31 73 16 31 74 17 0.982749 /
31 73 16 31 74 18 0.984914 /
31 73 17 31 74 18 0.987925 /
31 73 17 31 74 19 0.983757 /
31 73 18 31 74 19 0.978008 /
31 73 18 31 74 20 0.978623 /
31 73 19 31 74 20 0.979875 /
31 92 1 31 93 2 0.997533 /
31 92 2 31 93 1 0.999266 /
31 92 2 31 93 3 0.998003 /
31 92 3 31 93 2 0.999252 /
31 92 3 31 93 4 0.998049 /
31 92 4 31 93 3 0.999161 /
31 92 4 31 93 5 0.977178 /
31 92 5 31 93 4 0.994657 /
31 92 5 31 93 6 0.975639 /
31 92 6 31 93 5 0.993025 /
31 92 6 31 93 7 0.913988 /
31 92 7 31 93 6 0.955603 /
31 92 7 31 93 8 0.897058 /
31 92 8 31 93 7 0.952415 /
31 92 8 31 93 9 0.921373 /
31 92 9 31 93 8 0.966941 /
31 92 9 31 93 10 0.962747 /
31 92 10 31 93 9 0.986299 /
31 92 10 31 93 11 0.988179 /
31 92 11 31 93 10 0.993109 /
31 92 11 31 93 12 0.989199 /
31 92 12 31 93 11 0.99641 /
31 92 12 31 93 13 0.992845 /
31 92 13 31 93 12 0.996867 /
31 92 13 31 93 14 0.984505 /
31 92 14 31 93 13 0.993796 /
31 92 14 31 93 15 0.968334 /
31 92 15 31 93 14 0.98865 /
31 92 15 31 93 16 0.992831 /
31 92 16 31 93 15 0.995953 /
31 92 16 31 93 17 0.994133 /
31 92 17 31 93 16 0.997895 /
31 92 17 31 93 18 0.993711 /
31 92 18 31 93 17 0.997286 /
31 92 18 31 93 19 0.983006 /
31 92 19 31 93 18 0.99312 /
31 92 19 31 93 20 0.969457 /
31 92 20 31 93 19 0.988738 /
31 109 4 31 110 1 0.992558 /
31 109 5 31 110 1 0.995138 /
31 109 5 31 110 2 0.996877 /
31 109 6 31 110 1 0.996755 /
31 109 6 31 110 2 0.996959 /
31 109 6 31 110 3 0.983406 /
31 109 7 31 110 2 0.9971 /
31 109 7 31 110 3 0.987039 /
31 109 7 31 110 4 0.487183 /
31 109 8 31 110 3 0.99036 /
31 109 8 31 110 4 0.590153 /
31 109 8 31 110 5 0.303434 /
31 109 9 31 110 4 0.651767 /
31 109 9 31 110 5 0.257508 /
31 109 9 31 110 6 0.497762 /
31 109 10 31 110 5 0.589966 /
31 109 10 31 110 6 0.719319 /
31 109 10 31 110 7 0.706313 /
31 109 11 31 110 6 0.883424 /
31 109 11 31 110 7 0.876612 /
31 109 11 31 110 8 0.880854 /
31 109 12 31 110 7 0.754802 /
31 109 12 31 110 8 0.737032 /
31 109 12 31 110 9 0.700489 /
31 109 13 31 110 8 0.799386 /
31 109 13 31 110 9 0.774221 /
31 109 13 31 110 10 0.808989 /
31 109 14 31 110 9 0.906387 /
31 109 14 31 110 10 0.901853 /
31 109 14 31 110 11 0.908069 /
31 109 15 31 110 10 0.830781 /
31 109 15 31 110 11 0.842688 /
31 109 15 31 110 12 0.797798 /
31 109 16 31 110 11 0.802145 /
31 109 16 31 110 12 0.769844 /
31 109 16 31 110 13 0.7439 /
31 109 17 31 110 12 0.82673 /
31 109 17 31 110 13 0.782758 /
31 109 17 31 110 14 0.846447 /
31 109 18 31 110 13 0.783644 /
31 109 18 31 110 14 0.860961 /
31 109 18 31 110 15 0.85943 /
31 109 19 31 110 14 0.859629 /
31 109 19 31 110 15 0.847495 /
31 109 19 31 110 16 0.843259 /
31 109 20 31 110 15 0.792931 /
31 109 20 31 110 16 0.757707 /
31 109 20 31 110 17 0.796918 /
31 111 2 31 112 1 0.999293 /
31 111 3 31 112 1 0.99916 /
31 111 3 31 112 2 0.999397 /
31 111 4 31 112 1 0.999117 /
31 111 4 31 112 2 0.999333 /
31 111 4 31 112 3 0.997243 /
31 111 5 31 112 2 0.999673 /
31 111 5 31 112 3 0.998532 /
31 111 5 31 112 4 0.537155 /
31 111 6 31 112 3 0.998726 /
31 111 6 31 112 4 0.73425 /
31 111 6 31 112 5 0.694686 /
31 111 7 31 112 4 0.347865 /
31 111 7 31 112 5 0.193265 /
31 111 7 31 112 6 0.999752 /
31 111 8 31 112 5 0.274853 /
31 111 8 31 112 6 1 /
31 111 8 31 112 7 0.688924 /
31 111 9 31 112 6 1 /
31 111 9 31 112 7 0.597169 /
31 111 9 31 112 8 0.751464 /
31 111 10 31 112 7 0.850514 /
31 111 10 31 112 8 0.860362 /
31 111 10 31 112 9 0.83051 /
31 111 11 31 112 8 0.906773 /
31 111 11 31 112 9 0.893246 /
31 111 11 31 112 10 0.895377 /
31 111 12 31 112 9 0.781906 /
31 111 12 31 112 10 0.807431 /
31 111 12 31 112 11 0.928315 /
31 111 13 31 112 10 0.703147 /
31 111 13 31 112 11 0.903226 /
31 111 13 31 112 12 0.87754 /
31 111 14 31 112 11 0.936976 /
31 111 14 31 112 12 0.921463 /
31 111 14 31 112 13 0.912129 /
31 111 15 31 112 12 0.893585 /
31 111 15 31 112 13 0.862022 /
31 111 15 31 112 14 0.873449 /
31 111 16 31 112 13 0.767349 /
31 111 16 31 112 14 0.865589 /
31 111 16 31 112 15 0.919974 /
31 111 17 31 112 14 0.912192 /
31 111 17 31 112 15 0.934157 /
31 111 17 31 112 16 0.940896 /
31 111 18 31 112 15 0.922703 /
31 111 18 31 112 16 0.916648 /
31 111 18 31 112 17 0.937431 /
31 111 19 31 112 16 0.865212 /
31 111 19 31 112 17 0.915602 /
31 111 19 31 112 18 0.940695 /
31 111 20 31 112 17 0.891803 /
31 111 20 31 112 18 0.909743 /
31 111 20 31 112 19 0.891979 /
31 112 4 31 113 1 0.999044 /
31 112 5 31 113 1 0.999657 /
31 112 5 31 113 2 0.999243 /
31 112 6 31 113 2 1 /
31 112 6 31 113 3 0.999907 /
31 112 7 31 113 3 0.996822 /
31 112 7 31 113 4 0.341715 /
31 112 8 31 113 4 0.432181 /
31 112 8 31 113 5 0.344518 /
31 112 9 31 113 5 0.302757 /
31 112 9 31 113 6 1 /
31 112 10 31 113 6 1 /
31 112 10 31 113 7 0.569139 /
31 112 11 31 113 7 0.905725 /
31 112 11 31 113 8 0.897989 /
31 112 12 31 113 8 0.802122 /
31 112 12 31 113 9 0.761297 /
31 112 13 31 113 9 0.645634 /
31 112 13 31 113 10 0.666257 /
31 112 14 31 113 10 0.861012 /
31 112 14 31 113 11 0.898108 /
31 112 15 31 113 11 0.895339 /
31 112 15 31 113 12 0.840603 /
31 112 16 31 113 12 0.791171 /
31 112 16 31 113 13 0.765892 /
31 112 17 31 113 13 0.858341 /
31 112 17 31 113 14 0.868284 /
31 112 18 31 113 14 0.88102 /
31 112 18 31 113 15 0.893865 /
31 112 19 31 113 15 0.877383 /
31 112 19 31 113 16 0.862529 /
31 112 20 31 113 16 0.80449 /
31 112 20 31 113 17 0.836107 /
31 113 2 31 114 1 0.99986 /
31 113 3 31 114 2 0.999736 /
31 113 4 31 114 3 0.999266 /
31 113 5 31 114 4 0.977487 /
31 113 6 31 114 5 0.999945 /
31 113 7 31 114 6 0.988828 /
31 113 8 31 114 7 0.935566 /
31 113 9 31 114 8 0.945278 /
31 113 10 31 114 9 0.948144 /
31 113 11 31 114 10 0.987028 /
31 113 12 31 114 11 0.988253 /
31 113 13 31 114 12 0.977309 /
31 113 14 31 114 13 0.986754 /
31 113 15 31 114 14 0.982007 /
31 113 16 31 114 15 0.98844 /
31 113 17 31 114 16 0.99164 /
31 113 18 31 114 17 0.990662 /
31 113 19 31 114 18 0.99159 /
31 113 20 31 114 19 0.987046 /
31 114 1 31 115 4 0.998173 /
31 114 1 31 115 5 0.998445 /
31 114 2 31 115 5 0.997347 /
31 114 2 31 115 6 0.994708 /
31 114 3 31 115 6 0.983574 /
31 114 3 31 115 7 0.984461 /
31 114 4 31 115 7 0.547954 /
31 114 4 31 115 8 0.615167 /
31 114 5 31 115 8 0.533981 /
31 114 5 31 115 9 0.630414 /
31 114 6 31 115 9 0.930559 /
31 114 6 31 115 10 0.954049 /
31 114 7 31 115 10 0.481032 /
31 114 7 31 115 11 0.881016 /
31 114 8 31 115 11 0.872406 /
31 114 8 31 115 12 0.749237 /
31 114 9 31 115 12 0.714821 /
31 114 9 31 115 13 0.615998 /
31 114 10 31 115 13 0.633321 /
31 114 10 31 115 14 0.860173 /
31 114 11 31 115 14 0.896042 /
31 114 11 31 115 15 0.887666 /
31 114 12 31 115 15 0.830008 /
31 114 12 31 115 16 0.738429 /
31 114 13 31 115 16 0.719599 /
31 114 13 31 115 17 0.853731 /
31 114 14 31 115 17 0.867537 /
31 114 14 31 115 18 0.87169 /
31 114 15 31 115 18 0.887842 /
31 114 15 31 115 19 0.897038 /
31 114 16 31 115 19 0.878822 /
31 114 16 31 115 20 0.784027 /
31 114 17 31 115 20 0.830865 /
32 52 1 32 53 2 0.999537 /
32 52 2 32 53 3 0.999236 /
32 52 3 32 53 4 0.945931 /
32 52 4 32 53 5 0.934804 /
32 52 5 32 53 6 0.918297 /
32 52 6 32 53 7 0.902213 /
32 52 7 32 53 8 0.966536 /
32 52 8 32 53 9 0.96834 /
32 52 9 32 53 10 0.981077 /
32 52 10 32 53 11 0.983729 /
32 52 11 32 53 12 0.986706 /
32 52 12 32 53 13 0.986883 /
32 52 13 32 53 14 0.981299 /
32 52 14 32 53 15 0.98467 /
32 52 15 32 53 16 0.980376 /
32 52 16 32 53 17 0.988239 /
32 52 17 32 53 18 0.984458 /
32 52 18 32 53 19 0.983888 /
32 52 19 32 53 20 0.999622 /
32 89 1 32 90 2 0.990485 /
32 89 1 32 90 3 0.988444 /
32 89 2 32 90 3 0.983494 /
32 89 2 32 90 4 0.961671 /
32 89 3 32 90 4 0.980775 /
32 89 3 32 90 5 0.973909 /
32 89 4 32 90 5 0.905153 /
32 89 4 32 90 6 0.817479 /
32 89 5 32 90 6 0.965219 /
32 89 5 32 90 7 0.983591 /
32 89 6 32 90 7 0.790641 /
32 89 6 32 90 8 0.751416 /
32 89 7 32 90 8 0.748493 /
32 89 7 32 90 9 0.799254 /
32 89 8 32 90 9 0.770135 /
32 89 8 32 90 10 0.869691 /
32 89 9 32 90 10 0.915744 /
32 89 9 32 90 11 0.969757 /
32 89 10 32 90 11 0.979971 /
32 89 10 32 90 12 0.98672 /
32 89 11 32 90 12 0.98859 /
32 89 11 32 90 13 0.974052 /
32 89 12 32 90 13 0.985729 /
32 89 12 32 90 14 0.963129 /
32 89 13 32 90 14 0.945424 /
32 89 13 32 90 15 0.933585 /
32 89 14 32 90 15 0.941824 /
32 89 14 32 90 16 0.97108 /
32 89 15 32 90 16 0.983558 /
32 89 15 32 90 17 0.976561 /
32 89 16 32 90 17 0.988811 /
32 89 16 32 90 18 0.982598 /
32 89 17 32 90 18 0.984278 /
32 89 17 32 90 19 0.962017 /
32 89 18 32 90 19 0.939405 /
32 89 18 32 90 20 0.92433 /
32 89 19 32 90 20 0.942303 /
32 110 2 32 111 1 0.997942 /
32 110 3 32 111 1 0.99636 /
32 110 3 32 111 2 0.997207 /
32 110 4 32 111 1 0.995852 /
32 110 4 32 111 2 0.993083 /
32 110 4 32 111 3 0.996999 /
32 110 5 32 111 2 0.994242 /
32 110 5 32 111 3 0.997093 /
32 110 5 32 111 4 0.762225 /
32 110 6 32 111 3 0.998226 /
32 110 6 32 111 4 0.711795 /
32 110 6 32 111 5 0.563301 /
32 110 7 32 111 4 0.574698 /
32 110 7 32 111 5 0.259997 /
32 110 7 32 111 6 0.589397 /
32 110 8 32 111 5 0.279003 /
32 110 8 32 111 6 0.673794 /
32 110 8 32 111 7 0.750421 /
32 110 9 32 111 6 0.728597 /
32 110 9 32 111 7 0.612794 /
32 110 9 32 111 8 0.801637 /
32 110 10 32 111 7 0.850673 /
32 110 10 32 111 8 0.855235 /
32 110 10 32 111 9 0.868221 /
32 110 11 32 111 8 0.901886 /
32 110 11 32 111 9 0.882315 /
32 110 11 32 111 10 0.936994 /
32 110 12 32 111 9 0.796146 /
32 110 12 32 111 10 0.864245 /
32 110 12 32 111 11 0.946339 /
32 110 13 32 111 10 0.778101 /
32 110 13 32 111 11 0.881929 /
32 110 13 32 111 12 0.902373 /
32 110 14 32 111 11 0.947894 /
32 110 14 32 111 12 0.939471 /
32 110 14 32 111 13 0.947553 /
32 110 15 32 111 12 0.878011 /
32 110 15 32 111 13 0.836712 /
32 110 15 32 111 14 0.912244 /
32 110 16 32 111 13 0.741381 /
32 110 16 32 111 14 0.86214 /
32 110 16 32 111 15 0.946267 /
32 110 17 32 111 14 0.915496 /
32 110 17 32 111 15 0.940116 /
32 110 17 32 111 16 0.952446 /
32 110 18 32 111 15 0.920015 /
32 110 18 32 111 16 0.896671 /
32 110 18 32 111 17 0.950569 /
32 110 19 32 111 16 0.861964 /
32 110 19 32 111 17 0.914944 /
32 110 19 32 111 18 0.953936 /
32 110 20 32 111 17 0.88476 /
32 110 20 32 111 18 0.898271 /
32 110 20 32 111 19 0.92148 /
32 112 4 32 113 1 0.997096 /
32 112 5 32 113 1 0.998228 /
32 112 5 32 113 2 0.997247 /
32 112 6 32 113 2 0.997808 /
32 112 6 32 113 3 0.996907 /
32 112 7 32 113 3 0.997152 /
32 112 7 32 113 4 0.565651 /
32 112 8 32 113 4 0.644544 /
32 112 8 32 113 5 0.419398 /
32 112 9 32 113 5 0.404026 /
32 112 9 32 113 6 1 /
32 112 10 32 113 6 1 /
32 112 10 32 113 7 0.617421 /
32 112 11 32 113 7 0.899842 /
32 112 11 32 113 8 0.892665 /
32 112 12 32 113 8 0.822877 /
32 112 12 32 113 9 0.787117 /
32 112 13 32 113 9 0.662659 /
32 112 13 32 113 10 0.686214 /
32 112 14 32 113 10 0.876425 /
32 112 14 32 113 11 0.903242 /
32 112 15 32 113 11 0.903549 /
32 112 15 32 113 12 0.863019 /
32 112 16 32 113 12 0.80574 /
32 112 16 32 113 13 0.785135 /
32 112 17 32 113 13 0.875097 /
32 112 17 32 113 14 0.886892 /
32 112 18 32 113 14 0.893613 /
32 112 18 32 113 15 0.90457 /
32 112 19 32 113 15 0.89466 /
32 112 19 32 113 16 0.872853 /
32 112 20 32 113 16 0.812711 /
32 112 20 32 113 17 0.851607 /
33 47 1 33 48 2 0.86322 /
33 47 1 33 48 3 0.784367 /
33 47 2 33 48 3 0.868047 /
33 47 2 33 48 4 0.891411 /
33 47 3 33 48 4 0.909165 /
33 47 3 33 48 5 0.927928 /
33 47 4 33 48 5 0.930217 /
33 47 4 33 48 6 0.801721 /
33 47 5 33 48 6 0.891368 /
33 47 5 33 48 7 0.926184 /
33 47 6 33 48 7 0.919845 /
33 47 6 33 48 8 0.920042 /
33 47 7 33 48 8 0.92455 /
33 47 7 33 48 9 0.914393 /
33 47 8 33 48 9 0.949815 /
33 47 8 33 48 10 0.95537 /
33 47 9 33 48 10 0.972331 /
33 47 9 33 48 11 0.984127 /
33 47 10 33 48 11 0.980666 /
33 47 10 33 48 12 0.958615 /
33 47 11 33 48 12 0.979116 /
33 47 11 33 48 13 0.965319 /
33 47 12 33 48 13 0.973728 /
33 47 12 33 48 14 0.965241 /
33 47 13 33 48 14 0.966928 /
33 47 13 33 48 15 0.952166 /
33 47 14 33 48 15 0.972154 /
33 47 14 33 48 16 0.966504 /
33 47 15 33 48 16 0.973616 /
33 47 15 33 48 17 0.9743 /
33 47 16 33 48 17 0.983348 /
33 47 16 33 48 18 0.983326 /
33 47 17 33 48 18 0.979899 /
33 47 17 33 48 19 0.99971 /
33 47 18 33 48 19 0.9996 /
33 47 18 33 48 20 0.999234 /
33 47 19 33 48 20 0.999723 /
33 89 3 33 90 1 0.986945 /
33 89 4 33 90 1 0.986411 /
33 89 4 33 90 2 0.880961 /
33 89 5 33 90 2 0.857383 /
33 89 5 33 90 3 0.930537 /
33 89 6 33 90 3 0.948435 /
33 89 6 33 90 4 0.923768 /
33 89 7 33 90 4 0.960628 /
33 89 7 33 90 5 0.959991 /
33 89 8 33 90 5 0.980667 /
33 89 8 33 90 6 0.606435 /
33 89 9 33 90 6 0.695453 /
33 89 9 33 90 7 0.555531 /
33 89 10 33 90 7 0.82459 /
33 89 10 33 90 8 0.80342 /
33 89 11 33 90 8 0.927787 /
33 89 11 33 90 9 0.929221 /
33 89 12 33 90 9 0.975025 /
33 89 12 33 90 10 0.971254 /
33 89 13 33 90 10 0.952471 /
33 89 13 33 90 11 0.95172 /
33 89 14 33 90 11 0.885905 /
33 89 14 33 90 12 0.90926 /
33 89 15 33 90 12 0.918346 /
33 89 15 33 90 13 0.909103 /
33 89 16 33 90 13 0.949065 /
33 89 16 33 90 14 0.939827 /
33 89 17 33 90 14 0.943187 /
33 89 17 33 90 15 0.95735 /
33 89 18 33 90 15 0.942909 /
33 89 18 33 90 16 0.959274 /
33 89 19 33 90 16 0.943484 /
33 89 19 33 90 17 0.911354 /
33 89 20 33 90 17 0.91308 /
33 89 20 33 90 18 0.893105 /
33 114 5 33 115 1 0.99552 /
33 114 6 33 115 1 0.996066 /
33 114 6 33 115 2 0.993974 /
33 114 7 33 115 2 0.98458 /
33 114 7 33 115 3 0.986635 /
33 114 8 33 115 3 0.989864 /
33 114 8 33 115 4 0.997729 /
33 114 9 33 115 4 0.99876 /
33 114 9 33 115 5 0.999304 /
33 114 10 33 115 5 0.999893 /
33 114 10 33 115 6 0.999977 /
33 114 11 33 115 6 1 /
33 114 11 33 115 7 0.85166 /
33 114 12 33 115 7 0.756309 /
33 114 12 33 115 8 0.724797 /
33 114 13 33 115 8 0.609919 /
33 114 13 33 115 9 0.597827 /
33 114 14 33 115 9 0.859549 /
33 114 14 33 115 10 0.847851 /
33 114 15 33 115 10 0.802959 /
33 114 15 33 115 11 0.834818 /
33 114 16 33 115 11 0.787265 /
33 114 16 33 115 12 0.740241 /
33 114 17 33 115 12 0.862789 /
33 114 17 33 115 13 0.831236 /
33 114 18 33 115 13 0.816079 /
33 114 18 33 115 14 0.851377 /
33 114 19 33 115 14 0.859734 /
33 114 19 33 115 15 0.864959 /
33 114 20 33 115 15 0.78387 /
33 114 20 33 115 16 0.706386 /
34 91 3 34 92 1 0.983617 /
34 91 4 34 92 1 0.984655 /
34 91 4 34 92 2 0.956472 /
34 91 5 34 92 1 0.98308 /
34 91 5 34 92 2 0.906959 /
34 91 5 34 92 3 0.929952 /
34 91 6 34 92 2 0.89436 /
34 91 6 34 92 3 0.958547 /
34 91 6 34 92 4 0.980218 /
34 91 7 34 92 3 0.973221 /
34 91 7 34 92 4 0.988411 /
34 91 7 34 92 5 0.842079 /
34 91 8 34 92 4 0.992033 /
34 91 8 34 92 5 0.927134 /
34 91 8 34 92 6 0.69773 /
34 91 9 34 92 5 0.953263 /
34 91 9 34 92 6 0.784231 /
34 91 9 34 92 7 0.700594 /
34 91 10 34 92 6 0.846772 /
34 91 10 34 92 7 0.800858 /
34 91 10 34 92 8 0.790468 /
34 91 11 34 92 7 0.92236 /
34 91 11 34 92 8 0.919646 /
34 91 11 34 92 9 0.924311 /
34 91 12 34 92 8 0.970359 /
34 91 12 34 92 9 0.967593 /
34 91 12 34 92 10 0.96557 /
34 91 13 34 92 9 0.952446 /
34 91 13 34 92 10 0.947803 /
34 91 13 34 92 11 0.947258 /
34 91 14 34 92 10 0.827086 /
34 91 14 34 92 11 0.84264 /
34 91 14 34 92 12 0.874271 /
34 91 15 34 92 11 0.84565 /
34 91 15 34 92 12 0.884296 /
34 91 15 34 92 13 0.899268 /
34 91 16 34 92 12 0.930217 /
34 91 16 34 92 13 0.94066 /
34 91 16 34 92 14 0.932495 /
34 91 17 34 92 13 0.935371 /
34 91 17 34 92 14 0.92906 /
34 91 17 34 92 15 0.946883 /
34 91 18 34 92 14 0.90531 /
34 91 18 34 92 15 0.919573 /
34 91 18 34 92 16 0.950797 /
34 91 19 34 92 15 0.874555 /
34 91 19 34 92 16 0.925403 /
34 91 19 34 92 17 0.915577 /
34 91 20 34 92 16 0.917422 /
34 91 20 34 92 17 0.910011 /
34 91 20 34 92 18 0.882716 /
34 92 1 34 93 2 0.997883 /
34 92 2 34 93 3 0.99774 /
34 92 3 34 93 4 0.995257 /
34 92 4 34 93 5 0.990026 /
34 92 5 34 93 6 0.937155 /
34 92 6 34 93 7 0.934193 /
34 92 7 34 93 8 0.889569 /
34 92 8 34 93 9 0.90975 /
34 92 9 34 93 10 0.962754 /
34 92 10 34 93 11 0.985446 /
34 92 11 34 93 12 0.990536 /
34 92 12 34 93 13 0.991347 /
34 92 13 34 93 14 0.973647 /
34 92 14 34 93 15 0.968417 /
34 92 15 34 93 16 0.99031 /
34 92 16 34 93 17 0.993881 /
34 92 17 34 93 18 0.991558 /
34 92 18 34 93 19 0.971541 /
34 92 19 34 93 20 0.970591 /
34 116 6 34 117 1 0.964057 /
34 116 7 34 117 1 0.953524 /
34 116 7 34 117 2 0.99465 /
34 116 8 34 117 1 0.963246 /
34 116 8 34 117 2 0.996206 /
34 116 8 34 117 3 0.992814 /
34 116 9 34 117 2 0.997135 /
34 116 9 34 117 3 0.994835 /
34 116 9 34 117 4 1 /
34 116 10 34 117 3 0.995813 /
34 116 10 34 117 4 1 /
34 116 10 34 117 5 0.996898 /
34 116 11 34 117 4 1 /
34 116 11 34 117 5 0.997699 /
34 116 11 34 117 6 0.988844 /
34 116 12 34 117 5 0.998165 /
34 116 12 34 117 6 0.991338 /
34 116 12 34 117 7 0.639481 /
34 116 13 34 117 6 0.992754 /
34 116 13 34 117 7 0.59712 /
34 116 13 34 117 8 0.600593 /
34 116 14 34 117 7 0.814886 /
34 116 14 34 117 8 0.802346 /
34 116 14 34 117 9 0.799419 /
34 116 15 34 117 8 0.785712 /
34 116 15 34 117 9 0.75061 /
34 116 15 34 117 10 0.720799 /
34 116 16 34 117 9 0.577525 /
34 116 16 34 117 10 0.574857 /
34 116 16 34 117 11 0.706066 /
34 116 17 34 117 10 0.810073 /
34 116 17 34 117 11 0.82226 /
34 116 17 34 117 12 0.804753 /
34 116 18 34 117 11 0.826118 /
34 116 18 34 117 12 0.808563 /
34 116 18 34 117 13 0.804109 /
34 116 19 34 117 12 0.833083 /
34 116 19 34 117 13 0.817591 /
34 116 19 34 117 14 0.843314 /
34 116 20 34 117 13 0.610576 /
34 116 20 34 117 14 0.699175 /
34 116 20 34 117 15 0.653689 /
35 84 2 35 85 1 0.930358 /
35 84 3 35 85 1 0.941496 /
35 84 3 35 85 2 0.984011 /
35 84 4 35 85 2 0.97741 /
35 84 4 35 85 3 0.996151 /
35 84 5 35 85 3 0.993651 /
35 84 5 35 85 4 0.969905 /
35 84 6 35 85 4 0.959826 /
35 84 6 35 85 5 0.921124 /
35 84 7 35 85 5 0.945049 /
35 84 7 35 85 6 0.615687 /
35 84 8 35 85 6 0.622955 /
35 84 8 35 85 7 0.648769 /
35 84 9 35 85 7 0.853046 /
35 84 9 35 85 8 0.859304 /
35 84 10 35 85 8 0.936685 /
35 84 10 35 85 9 0.956514 /
35 84 11 35 85 9 0.969039 /
35 84 11 35 85 10 0.979919 /
35 84 12 35 85 10 0.986486 /
35 84 12 35 85 11 0.977993 /
35 84 13 35 85 11 0.968409 /
35 84 13 35 85 12 0.984239 /
35 84 14 35 85 12 0.969998 /
35 84 14 35 85 13 0.981183 /
35 84 15 35 85 13 0.975112 /
35 84 15 35 85 14 0.971839 /
35 84 16 35 85 14 0.981524 /
35 84 16 35 85 15 0.987852 /
35 84 17 35 85 15 0.977324 /
35 84 17 35 85 16 0.983232 /
35 84 18 35 85 16 0.979322 /
35 84 18 35 85 17 0.980428 /
35 84 19 35 85 17 0.968592 /
35 84 19 35 85 18 0.97881 /
35 84 20 35 85 18 0.970764 /
35 84 20 35 85 19 0.969758 /
35 85 2 35 86 1 0.880451 /
35 85 3 35 86 1 0.938556 /
35 85 3 35 86 2 0.968422 /
35 85 4 35 86 1 0.888668 /
35 85 4 35 86 2 0.885344 /
35 85 4 35 86 3 0.991756 /
35 85 5 35 86 2 0.715947 /
35 85 5 35 86 3 0.982577 /
35 85 5 35 86 4 0.88357 /
35 85 6 35 86 3 0.985564 /
35 85 6 35 86 4 0.873528 /
35 85 6 35 86 5 0.971469 /
35 85 7 35 86 4 0.939041 /
35 85 7 35 86 5 0.982817 /
35 85 7 35 86 6 0.505428 /
35 85 8 35 86 5 0.986271 /
35 85 8 35 86 6 0.45867 /
35 85 8 35 86 7 0.594923 /
35 85 9 35 86 6 0.607392 /
35 85 9 35 86 7 0.623351 /
35 85 9 35 86 8 0.753667 /
35 85 10 35 86 7 0.867979 /
35 85 10 35 86 8 0.874207 /
35 85 10 35 86 9 0.927647 /
35 85 11 35 86 8 0.915208 /
35 85 11 35 86 9 0.926239 /
35 85 11 35 86 10 0.968561 /
35 85 12 35 86 9 0.959681 /
35 85 12 35 86 10 0.961305 /
35 85 12 35 86 11 0.970594 /
35 85 13 35 86 10 0.966498 /
35 85 13 35 86 11 0.962099 /
35 85 13 35 86 12 0.98018 /
35 85 14 35 86 11 0.854406 /
35 85 14 35 86 12 0.921637 /
35 85 14 35 86 13 0.969208 /
35 85 15 35 86 12 0.926521 /
35 85 15 35 86 13 0.952574 /
35 85 15 35 86 14 0.947979 /
35 85 16 35 86 13 0.961794 /
35 85 16 35 86 14 0.951514 /
35 85 16 35 86 15 0.980812 /
35 85 17 35 86 14 0.91518 /
35 85 17 35 86 15 0.944863 /
35 85 17 35 86 16 0.974996 /
35 85 18 35 86 15 0.951523 /
35 85 18 35 86 16 0.96391 /
35 85 18 35 86 17 0.976196 /
35 85 19 35 86 16 0.934435 /
35 85 19 35 86 17 0.921602 /
35 85 19 35 86 18 0.964014 /
35 85 20 35 86 17 0.917846 /
35 85 20 35 86 18 0.941632 /
35 85 20 35 86 19 0.945878 /
35 87 1 35 88 4 0.899851 /
35 87 1 35 88 5 0.891899 /
35 87 1 35 88 6 0.893661 /
35 87 2 35 88 5 0.724536 /
35 87 2 35 88 6 0.686726 /
35 87 2 35 88 7 0.7898 /
35 87 3 35 88 6 0.957212 /
35 87 3 35 88 7 0.974321 /
35 87 3 35 88 8 0.983346 /
35 87 4 35 88 7 0.947659 /
35 87 4 35 88 8 0.962427 /
35 87 4 35 88 9 0.971583 /
35 87 5 35 88 8 0.964002 /
35 87 5 35 88 9 0.969163 /
35 87 5 35 88 10 0.975813 /
35 87 6 35 88 9 0.391756 /
35 87 6 35 88 10 0.776201 /
35 87 6 35 88 11 0.884147 /
35 87 7 35 88 10 0.782171 /
35 87 7 35 88 11 0.885792 /
35 87 7 35 88 12 0.962824 /
35 87 8 35 88 11 0.886523 /
35 87 8 35 88 12 0.959567 /
35 87 8 35 88 13 0.937759 /
35 87 9 35 88 12 0.95663 /
35 87 9 35 88 13 0.933881 /
35 87 9 35 88 14 0.802348 /
35 87 10 35 88 13 0.934226 /
35 87 10 35 88 14 0.817611 /
35 87 10 35 88 15 0.850205 /
35 87 11 35 88 14 0.825904 /
35 87 11 35 88 15 0.851319 /
35 87 11 35 88 16 0.894641 /
35 87 12 35 88 15 0.903447 /
35 87 12 35 88 16 0.926441 /
35 87 12 35 88 17 0.919553 /
35 87 13 35 88 16 0.930044 /
35 87 13 35 88 17 0.923883 /
35 87 13 35 88 18 0.910905 /
35 87 14 35 88 17 0.902375 /
35 87 14 35 88 18 0.877291 /
35 87 14 35 88 19 0.811231 /
35 87 15 35 88 18 0.909404 /
35 87 15 35 88 19 0.857442 /
35 87 15 35 88 20 0.860746 /
35 87 16 35 88 19 0.907555 /
35 87 16 35 88 20 0.908876 /
35 87 17 35 88 20 0.894405 /
35 117 8 35 118 1 0.939093 /
35 117 9 35 118 1 0.954081 /
35 117 9 35 118 2 0.995949 /
35 117 10 35 118 1 0.960005 /
35 117 10 35 118 2 0.996508 /
35 117 10 35 118 3 0.997674 /
35 117 11 35 118 2 0.996871 /
35 117 11 35 118 3 0.998075 /
35 117 11 35 118 4 1 /
35 117 12 35 118 3 0.998324 /
35 117 12 35 118 4 1 /
35 117 12 35 118 5 0.997527 /
35 117 13 35 118 4 1 /
35 117 13 35 118 5 0.998171 /
35 117 13 35 118 6 0.973701 /
35 117 14 35 118 5 0.998438 /
35 117 14 35 118 6 0.977344 /
35 117 14 35 118 7 0.787435 /
35 117 15 35 118 6 0.976552 /
35 117 15 35 118 7 0.693665 /
35 117 15 35 118 8 0.693947 /
35 117 16 35 118 7 0.538234 /
35 117 16 35 118 8 0.536413 /
35 117 16 35 118 9 0.531315 /
35 117 17 35 118 8 0.839048 /
35 117 17 35 118 9 0.820439 /
35 117 17 35 118 10 0.810221 /
35 117 18 35 118 9 0.811588 /
35 117 18 35 118 10 0.801656 /
35 117 18 35 118 11 0.822952 /
35 117 19 35 118 10 0.814732 /
35 117 19 35 118 11 0.824252 /
35 117 19 35 118 12 0.823067 /
35 117 20 35 118 11 0.592725 /
35 117 20 35 118 12 0.570316 /
35 117 20 35 118 13 0.533895 /
37 91 2 37 92 1 0.998357 /
37 91 3 37 92 2 0.997527 /
37 91 4 37 92 3 0.99813 /
37 91 5 37 92 4 0.979565 /
37 91 6 37 92 5 0.934705 /
37 91 7 37 92 6 1 /
37 91 8 37 92 7 0.933382 /
37 91 9 37 92 8 0.97479 /
37 91 10 37 92 9 0.985963 /
37 91 11 37 92 10 0.995882 /
37 91 12 37 92 11 0.997934 /
37 91 13 37 92 12 0.996791 /
37 91 14 37 92 13 0.992978 /
37 91 15 37 92 14 0.989806 /
37 91 16 37 92 15 0.99644 /
37 91 17 37 92 16 0.997734 /
37 91 18 37 92 17 0.996872 /
37 91 19 37 92 18 0.992433 /
37 91 20 37 92 19 0.990054 /
/

-- End of 'TransGen' INCLUDE file
