-- Coorected perm in UH Upflank NW  
EQUALS
  'PERMX' 800  58  59    47 47   6  9 /
  'PERMX' 800  57  60    48 48   6  9 /            
  'PERMX' 800  56  61    49 49   6  9 /	    
  'PERMX' 800  55  63    50 50   6  9 /	    
  'PERMX' 800  55  64    51 51   6  9 /	    
  'PERMX' 800  53  63    52 52   6  9 /	    
  'PERMX' 800  52  61    53 53   6  9 /
  'PERMX' 800  52  60    54 54   6  9 /  
  'PERMX' 800  54  57    55 55   6  9 / 
  'PERMX' 900  58  59    47 47   11  13 /
  'PERMX' 900  57  60    48 48   11  13 /            
  'PERMX' 900  56  61    49 49   11  13 /	    
  'PERMX' 900  55  63    50 50   11  13 /	    
  'PERMX' 900  55  64    51 51   11  13 /	    
  'PERMX' 900  53  63    52 52   11  13 /	    
  'PERMX' 900  52  61    53 53   11  13 /
  'PERMX' 900  52  60    54 54   11  13 /  
  'PERMX' 900  54  57    55 55   11  13 /   
--
  'PERMY' 800  58  59    47 47   6  9 /
  'PERMY' 800  57  60    48 48   6  9 /            
  'PERMY' 800  56  61    49 49   6  9 /	    
  'PERMY' 800  55  63    50 50   6  9 /	    
  'PERMY' 800  55  64    51 51   6  9 /	    
  'PERMY' 800  53  63    52 52   6  9 /	    
  'PERMY' 800  52  61    53 53   6  9 /
  'PERMY' 800  52  60    54 54   6  9 /  
  'PERMY' 800  54  57    55 55   6  9 / 
  'PERMY' 900  58  59    47 47   11  13 /
  'PERMY' 900  57  60    48 48   11  13 /            
  'PERMY' 900  56  61    49 49   11  13 /	    
  'PERMY' 900  55  63    50 50   11  13 /	    
  'PERMY' 900  55  64    51 51   11  13 /	    
  'PERMY' 900  53  63    52 52   11  13 /	    
  'PERMY' 900  52  61    53 53   11  13 /
  'PERMY' 900  52  60    54 54   11  13 /  
  'PERMY' 900  54  57    55 55   11  13 /   
--
  'PERMZ' 200  58  59    47 47   6  9 /
  'PERMZ' 200  57  60    48 48   6  9 /            
  'PERMZ' 200  56  61    49 49   6  9 /	    
  'PERMZ' 200  55  63    50 50   6  9 /	    
  'PERMZ' 200  55  64    51 51   6  9 /	    
  'PERMZ' 200  53  63    52 52   6  9 /	    
  'PERMZ' 200  52  61    53 53   6  9 /
  'PERMZ' 200  52  60    54 54   6  9 /  
  'PERMZ' 200  54  57    55 55   6  9 / 
  'PERMZ' 220  58  59    47 47   11  13 /
  'PERMZ' 220  57  60    48 48   11  13 /            
  'PERMZ' 220  56  61    49 49   11  13 /	    
  'PERMZ' 220  55  63    50 50   11  13 /	    
  'PERMZ' 220  55  64    51 51   11  13 /	    
  'PERMZ' 220  53  63    52 52   11  13 /	    
  'PERMZ' 220  52  61    53 53   11  13 /
  'PERMZ' 220  52  60    54 54   11  13 /  
  'PERMZ' 220  54  57    55 55   11  13 /
/ 
